Script started on Sun 03 Oct 2021 10:14:56 PM EDT
==68591== Memcheck, a memory error detector
==68591== Copyright (C) 2002-2017, and GNU GPL'd, by Julian Seward et al.
==68591== Using Valgrind-3.15.0 and LibVEX; rerun with -h for copyright info
==68591== Command: ws
==68591== 
Invalid Bank
Invalid Bank
Invalid Bank
Invalid Bank
----------------------------------------
>>> Seneca Bank & Trust <<<
----------------------------------------
Row Accnt No       Balance  Days Interest
--- ---------- ------------ ---- --------
1    97988775     852283.02  6   
2    90837261    1776257.40  14  
3    96925213     471948.98  56  20636.45
4    97687611     849206.85  47  31164.73
5    90251542     878439.19  9   
6    99792020     432107.95  55  18556.96
7    99456993    1676602.38  52  68074.65
8    91668387    1980439.23  53  81957.63
9    97717004     853368.22  8   
10   90862850    1264645.87  30  
11   99493936      37329.10  58   1690.55
12   93182966    1742978.32  54  73491.61
13   94523817     161271.42  23  
14   96829419     363081.73  43  12190.59
15   94222780     323362.90  21  
16   99196695    1810063.07  11  
17   92818639    1551261.84  27  
18   91395901     228164.07  15  
19   92993590      19676.22  36    553.09
20   95646752     528208.50  55  22684.02
21   91587004    1771538.33  50  69162.80
22   90980133    1977305.33  58  89547.55
23   97687098    1628167.52  55  69921.99
24   97444581    1836000.35  35  50175.63
25   95159950    1425013.85  47  52296.06
26   90153474      21260.76  29  
27   99499965     426224.60  4   
28   94843051    1282759.51  42  42067.48
29   92011384     448114.06  3   
30   99932482     907705.71  4   
31   95898658    1547003.70  26  
32   95710565     153778.98  43   5163.18
33   91291590     843329.44  27  
34   99368381    1835500.60  39  55894.76
35   97380923     718005.97  24  
36   99697913     388386.55  24  
37   99894328     871738.27  29  
38   98325889    1445253.83  51  57552.78
39   97721569     178509.74  43   5993.53
40   98606543     240657.02  4   
41   95009256    1946660.89  9   
42   94779693    1925636.39  42  63150.32
43   98037470      23069.50  6   
44   95841045    1294034.45  47  47489.29
45   93493097     373016.22  50  14562.96
46   91328525     660101.48  47  24224.82
47   94046255    1860271.60  27  
48   96063816    1123173.68  41  35956.94
49   91831612      56606.21  41   1812.17
50   94023267    1136876.14  40  35507.91
51   99373836    1483696.11  51  59083.62
52   93879925    1578369.01  49  60388.83
53   93364768     170969.43  49   6541.34
54   99146183     255592.68  8   
55   96786613     642841.39  18  
56   90367093    1255744.44  58  56869.74
57   96302270    1701696.22  54  71750.97
58   97602111     113303.76  56   4954.32
59   90399637    1184879.10  46  42558.26
60   97098213     262576.89  7   
61   97277414    1533002.98  20  
62   92371730    1103525.36  13  
63   93352225    1533415.20  38  45498.32
64   98902077    1250041.55  21  
65   99691860     902288.62  59  41567.08
66   90717133    1659026.23  25  
67   95732115     783659.53  40  24475.94
68   96547388     884444.94  15  
69   93643514     426681.29  32  10661.19
70   99749595     769240.20  18  
71   97864987     298385.30  11  
72   95898879    1502779.26  14  
73   99924289    1104698.87  30  
74   92758202    1634429.98  30  
75   99312047     273394.00  15  
76   94181722     962120.09  46  34557.24
77   95862637     486428.25  51  19370.51
78   98660079     424821.13  45  14926.93
79   99679067      91125.19  8   
80   99092157    1204481.29  23  
81   98279508    1738983.85  27  
82   95638872    1857712.68  47  68175.51
83   91450539    1877807.85  40  58649.34
84   93597954     281104.76  47  10316.16
85   99130325     148634.99  29  
86   94681033     319861.26  47  11738.47
87   99564980     874574.15  46  31412.79
88   94581415    1144686.81  30  
89   97271104    1966910.84  16  
90   92465902    1278904.44  29  
91   94641646     537377.54  13  
92   97687888     138929.80  38   4122.22
93   98495422    1029212.36  11  
94   97081234    1750696.99  4   
95   93786627    1963746.72  42  64400.13
96   90820104    1121991.00  25  
97   95481395    1038180.87  31  25129.67
98   94276950    1430293.00  28  
99   91116911    1711308.47  49  65475.13
100  93601236     574133.67  4   
-----------------------------------------
              Total interest:  1884104.19

INTEREST ONLY LIST!
----------------------------------------
>>> Seneca Bank & Trust <<<
----------------------------------------
Row Accnt No       Balance  Days Interest
--- ---------- ------------ ---- --------
1    96925213     471948.98  56  20636.45
2    97687611     849206.85  47  31164.73
3    99792020     432107.95  55  18556.96
4    99456993    1676602.38  52  68074.65
5    91668387    1980439.23  53  81957.63
6    99493936      37329.10  58   1690.55
7    93182966    1742978.32  54  73491.61
8    96829419     363081.73  43  12190.59
9    92993590      19676.22  36    553.09
10   95646752     528208.50  55  22684.02
11   91587004    1771538.33  50  69162.80
12   90980133    1977305.33  58  89547.55
13   97687098    1628167.52  55  69921.99
14   97444581    1836000.35  35  50175.63
15   95159950    1425013.85  47  52296.06
16   94843051    1282759.51  42  42067.48
17   95710565     153778.98  43   5163.18
18   99368381    1835500.60  39  55894.76
19   98325889    1445253.83  51  57552.78
20   97721569     178509.74  43   5993.53
21   94779693    1925636.39  42  63150.32
22   95841045    1294034.45  47  47489.29
23   93493097     373016.22  50  14562.96
24   91328525     660101.48  47  24224.82
25   96063816    1123173.68  41  35956.94
26   91831612      56606.21  41   1812.17
27   94023267    1136876.14  40  35507.91
28   99373836    1483696.11  51  59083.62
29   93879925    1578369.01  49  60388.83
30   93364768     170969.43  49   6541.34
31   90367093    1255744.44  58  56869.74
32   96302270    1701696.22  54  71750.97
33   97602111     113303.76  56   4954.32
34   90399637    1184879.10  46  42558.26
35   93352225    1533415.20  38  45498.32
36   99691860     902288.62  59  41567.08
37   95732115     783659.53  40  24475.94
38   93643514     426681.29  32  10661.19
39   94181722     962120.09  46  34557.24
40   95862637     486428.25  51  19370.51
41   98660079     424821.13  45  14926.93
42   95638872    1857712.68  47  68175.51
43   91450539    1877807.85  40  58649.34
44   93597954     281104.76  47  10316.16
45   94681033     319861.26  47  11738.47
46   99564980     874574.15  46  31412.79
47   97687888     138929.80  38   4122.22
48   93786627    1963746.72  42  64400.13
49   95481395    1038180.87  31  25129.67
50   91116911    1711308.47  49  65475.13
-----------------------------------------
              Total interest:  1884104.19

==68591== 
==68591== HEAP SUMMARY:
==68591==     in use at exit: 0 bytes in 0 blocks
==68591==   total heap usage: 3 allocs, 3 frees, 75,672 bytes allocated
==68591== 
==68591== All heap blocks were freed -- no leaks are possible
==68591== 
==68591== For lists of detected and suppressed errors, rerun with: -s
==68591== ERROR SUMMARY: 0 errors from 0 contexts (suppressed: 0 from 0)

Script done on Sun 03 Oct 2021 10:14:56 PM EDT
